%YAML:1.0
---
K: !!opencv-matrix
   rows: 3
   cols: 3
   dt: d
   data: [ 2.9156360405126770e+03, 0., 7.5659709675546810e+02, 0.,
       2.9642498488566957e+03, 1.0205834786841046e+03, 0., 0., 1. ]
D: !!opencv-matrix
   rows: 14
   cols: 1
   dt: d
   data: [ -1.4583255423536895e-01, -8.0645449819750092e-01,
       -1.5459244316195201e-02, 3.9998327704213202e-02,
       2.6459935572843505e+00, 1.5006859809785705e-01,
       8.6658171855581478e-01, -2.0318805175109786e+00, 0., 0., 0., 0.,
       0., 0. ]
